121 160
task1
task2
task3
task4
task5
task6
task7
task8
task9
task10
task11
task12
task13
task14
task15
task16
task17
task18
task19
task20
task21
task22
task23
task24
task25
task26
task27
task28
task29
task30
task31
task32
task33
task34
task35
task36
task37
task38
task39
task40
task41
task42
task43
task44
task45
task46
task47
task48
task49
task50
task51
task52
task53
task54
task55
task56
task57
task58
task59
task60
task61
task62
task63
task64
task65
task66
task67
task68
task69
task70
task71
task72
task73
task74
task75
task76
task77
task78
task79
task80
task81
task82
task83
task84
task85
task86
task87
task88
task89
task90
task91
task92
task93
task94
task95
task96
task97
task98
task99
task100
task101
task102
task103
task104
task105
task106
task107
task108
task109
task110
task111
task112
task113
task114
task115
task116
task117
task118
task119
task120
task121
4 120 226
4 119 211
120 1 167
119 1 117
7 116 296
7 117 113
116 4 104
117 4 266
10 114 127
10 113 163
114 7 95
113 7 257
13 110 210
13 111 66
110 10 255
111 10 303
16 108 176
16 107 360
108 13 309
107 13 250
19 104 237
19 105 243
104 16 194
105 16 138
22 102 306
22 101 159
102 19 198
101 19 294
25 98 99
25 99 275
98 22 328
99 22 260
28 96 198
28 95 192
96 25 249
95 25 53
31 92 232
31 93 249
92 28 120
93 28 139
34 90 161
34 89 252
90 31 254
89 31 275
37 86 252
37 87 218
86 34 170
87 34 136
40 84 251
40 83 327
84 37 196
83 37 274
43 80 208
43 81 169
80 40 236
81 40 63
46 78 243
46 77 281
78 43 137
77 43 248
49 74 353
49 75 105
74 46 228
75 46 97
52 72 160
52 71 122
72 49 93
71 49 180
55 68 285
55 69 171
68 52 131
69 52 172
58 66 112
58 65 224
66 55 118
65 55 260
61 62 110
61 63 135
62 58 103
63 58 272
64 60 148
64 59 218
60 61 148
59 61 113
67 56 321
67 57 90
56 64 199
57 64 276
70 54 153
70 53 328
54 67 262
53 67 192
73 50 76
73 51 147
50 70 122
51 70 102
76 48 296
76 47 367
48 73 242
47 73 235
79 44 176
79 45 363
44 76 175
45 76 189
82 42 46
82 41 240
42 79 240
41 79 173
85 38 116
85 39 383
38 82 213
39 82 304
88 36 218
88 35 297
36 85 175
35 85 200
91 32 182
91 33 255
32 88 293
33 88 33
94 30 150
94 29 121
30 91 213
29 91 370
97 26 270
97 27 208
26 94 306
27 94 233
100 24 261
100 23 183
24 97 153
23 97 194
103 20 361
103 21 325
20 100 181
21 100 262
106 18 217
106 17 108
18 103 52
17 103 174
109 14 209
109 15 123
14 106 39
15 106 177
112 12 200
112 11 331
12 109 218
11 109 134
115 8 202
115 9 183
8 112 115
9 112 228
118 6 224
118 5 231
6 115 350
5 115 106
121 2 188
121 3 234
2 118 211
3 118 366

